100
6 2 8 29 20 8 18 18 21
62 3 1 20 12 1 15 9 30 12 16 7 2 9 4 28 27 30 11 24 24 14 9 8 8 0 3 5 29 29 7 26 29 7 4 27 25 1 10 20 10 1 3 25 18 20 23 20 19 29 1 24 7 29 14 12 20 8 10 14 29 23 18 8 23
99 0 9 13 0 18 21 4 30 30 22 30 2 0 24 20 0 2 6 4 14 4 0 24 27 17 25 3 8 17 5 28 0 11 18 23 13 12 14 8 22 16 12 26 16 17 5 1 2 10 25 5 30 9 6 0 2 30 10 26 19 15 28 23 1 5 6 8 22 28 11 4 11 12 9 26 30 2 25 29 18 18 15 27 21 12 5 3 28 30 30 14 18 19 12 1 12 15 6 15 22 22
32 3 7 18 18 21 18 17 21 18 18 25 18 22 18 17 7 17 17 18 7 17 24 18 1 21 26 18 1 17 18 20 18 17 23
35 7 5 11 29 18 12 12 5 15 11 12 6 19 11 11 12 30 25 21 2 11 12 17 11 11 21 15 22 11 24 11 6 12 12 11 7 11
29 0 3 9 10 4 28 27 23 11 9 26 7 11 6 18 3 9 14 28 2 3 28 21 6 12 16 23 19 6 8 4
82 16 2 22 2 10 9 3 10 1 23 8 11 21 8 25 9 23 12 14 14 28 12 8 23 15 6 27 27 29 4 20 20 10 3 8 9 16 19 26 0 21 24 5 14 12 2 15 3 18 21 11 7 19 1 3 13 4 28 10 13 13 21 16 28 16 23 27 29 0 21 14 26 25 29 7 28 14 0 5 21 18 9 17 0
27 1 2 3 3 3 3 28 30 23 3 3 3 11 19 2 29 3 6 15 3 2 2 2 25 2 3 3 3 3
64 13 2 14 27 11 23 15 1 22 18 13 11 19 23 28 15 13 10 11 7 27 30 15 1 29 17 5 16 26 9 22 23 15 5 18 18 5 7 29 5 16 29 13 2 23 20 8 16 6 28 18 1 24 10 0 3 6 27 7 12 30 11 5 29 10 7
73 73 8 15 19 10 2 14 24 22 11 7 28 17 9 5 8 5 26 22 12 4 27 26 7 25 5 2 17 15 20 10 16 22 28 6 20 27 9 18 10 12 5 6 26 26 20 27 12 8 21 18 3 5 9 23 22 26 11 3 23 28 13 19 3 5 25 12 17 15 15 5 25 2 4 3
69 25 10 5 9 5 12 26 27 14 23 3 22 25 21 8 2 20 9 20 17 4 30 2 26 14 19 10 18 27 20 11 6 14 11 5 6 10 8 23 16 7 27 11 24 25 1 20 19 5 7 24 27 18 26 4 8 27 4 1 15 14 16 14 14 15 11 15 26 11 28 26
10 1 9 18 9 24 24 5 3 12 21 6 23
83 0 6 16 27 13 19 27 2 9 12 24 13 22 0 23 21 0 29 14 29 8 27 18 29 8 12 26 28 12 8 16 25 30 13 23 10 23 0 30 18 27 5 10 22 22 8 20 29 5 9 11 8 27 27 26 8 5 4 26 30 20 2 29 26 15 28 20 13 20 28 17 5 27 13 25 19 22 4 4 6 2 4 25 20 11
10 0 10 27 27 26 24 26 17 26 27 27 5
17 11 6 1 9 8 20 7 15 17 2 2 22 26 16 25 8 3 23 13
25 2 8 4 20 22 20 28 15 6 19 12 20 0 15 21 7 23 9 7 9 20 12 21 8 21 24 3
64 0 9 12 1 27 6 21 22 20 20 19 24 7 11 3 27 6 1 2 19 22 14 11 20 6 15 14 21 18 17 10 12 30 22 26 11 20 22 20 11 13 2 3 13 10 21 12 9 22 3 21 18 8 25 5 13 1 18 6 8 5 13 11 13 11 0
30 14 7 17 17 17 18 18 18 13 14 24 17 17 5 17 16 18 18 18 29 6 24 6 30 18 14 9 6 18 18 22 17
1 1 8 5
55 20 6 4 6 8 16 19 29 25 17 18 7 19 20 15 13 25 10 8 5 25 0 16 20 20 18 24 15 14 5 3 9 24 4 22 18 25 27 20 7 21 10 28 0 30 4 17 29 5 27 24 24 10 16 20 3 13
67 0 2 2 27 2 10 10 6 2 19 15 2 2 4 3 16 2 3 27 2 26 2 17 2 3 3 2 2 16 15 2 2 27 2 2 2 18 3 3 2 2 19 20 17 1 2 25 2 7 4 19 0 2 17 21 25 13 26 3 3 3 6 6 3 23 2 0 3 6
18 0 0 0 0 0 0 0 0 0 0 0 0 0 0 0 0 0 0 0 0
92 3 0 25 25 17 10 14 17 19 1 1 8 28 22 25 9 21 4 0 5 19 13 28 25 17 24 9 22 9 0 0 6 2 12 24 9 22 4 2 25 19 6 17 30 13 15 18 19 7 2 22 17 13 28 16 27 12 29 19 20 11 10 14 27 23 24 24 3 13 17 6 27 30 27 23 15 13 5 25 17 30 26 10 29 13 29 0 6 23 22 22 14 18 26
34 5 8 20 23 21 20 16 21 20 11 9 10 21 25 20 22 20 24 23 16 21 20 21 20 27 20 19 26 20 21 21 21 21 7 6 16
89 0 0 30 30 30 30 30 30 30 30 30 30 30 30 30 30 30 30 30 30 30 30 30 30 30 30 30 30 30 30 30 30 30 30 30 30 30 30 30 30 30 30 30 30 30 30 30 30 30 30 30 30 30 30 30 30 30 30 30 30 30 30 30 30 30 30 30 30 30 30 30 30 30 30 30 30 30 30 30 30 30 30 30 30 30 30 30 30 30 30 30
10 7 1 19 4 7 27 24 7 21 4 12 14
34 14 4 17 2 30 9 8 0 8 9 9 8 8 13 5 17 8 8 6 9 30 8 8 16 8 1 9 3 17 8 8 9 8 29 8 9
10 2 1 29 19 26 23 1 3 11 7 5 12
89 40 5 12 4 11 8 8 11 14 11 12 0 12 2 12 12 30 28 26 7 24 11 17 12 11 14 11 12 12 12 11 12 20 11 11 12 28 12 3 11 8 24 12 12 12 12 12 4 12 9 12 28 1 8 22 11 10 23 18 17 18 12 12 11 2 30 11 17 15 30 14 12 12 5 11 11 8 29 21 11 15 17 12 3 12 11 7 11 11 11 12
14 9 2 22 0 13 10 8 10 28 2 15 19 6 4 23 13
95 25 3 13 5 28 6 6 5 25 6 5 26 5 5 5 5 1 5 5 6 9 28 5 4 5 1 2 6 5 6 5 29 5 8 28 5 6 5 11 6 1 15 9 5 5 6 6 12 6 5 10 6 11 14 5 7 6 7 5 6 6 6 6 6 7 0 4 17 5 5 12 5 5 5 1 3 5 6 22 5 5 6 5 6 6 12 8 14 11 6 16 5 5 21 6 30 13
37 0 10 30 30 30 30 30 30 30 30 30 30 30 30 30 30 30 30 30 30 30 30 30 30 30 30 30 30 30 30 30 30 30 30 30 30 30 30 30
35 2 2 4 9 8 23 7 10 9 22 21 10 1 12 13 3 19 26 8 13 16 6 11 8 15 18 4 4 16 2 2 16 24 9 30 7 30
8 8 5 27 26 24 28 28 15 17 15
76 26 3 14 10 16 2 6 29 24 5 6 8 6 6 5 6 5 6 6 23 6 5 26 27 19 5 24 28 29 17 6 28 22 5 11 5 22 5 6 5 6 25 22 6 30 6 17 5 5 6 14 6 24 5 11 5 5 6 27 5 5 16 13 10 6 6 21 30 6 30 6 6 10 10 5 5 6 5
84 84 6 19 22 20 13 24 6 2 24 24 17 25 16 6 9 22 18 15 10 9 5 28 7 9 3 3 15 14 19 4 3 8 22 7 14 23 2 16 24 23 14 12 26 12 4 24 9 6 7 3 3 19 25 7 12 8 6 19 16 12 20 2 14 25 15 18 14 6 13 24 19 9 8 15 20 23 8 27 16 5 16 7 10 21 21
19 6 2 3 3 3 29 3 2 2 3 2 3 2 3 3 11 2 19 3 2 18
21 0 7 16 29 4 17 21 19 9 7 19 30 6 7 15 3 27 30 17 8 26 27 19
39 13 5 24 17 11 21 12 11 12 25 15 11 19 25 13 12 11 1 11 8 29 9 23 12 12 11 11 21 12 18 11 11 6 0 13 2 15 15 29 12 12
8 1 6 21 13 17 25 8 9 16 7
27 2 10 5 26 26 5 18 0 15 19 6 21 23 14 0 24 5 15 16 29 27 7 1 8 10 11 27 18 8
97 49 8 22 29 23 29 1 30 6 20 4 30 17 3 7 14 15 21 14 12 1 26 14 24 15 20 30 0 8 24 13 24 25 27 7 26 23 30 18 1 27 6 26 19 26 30 27 11 13 1 9 28 11 24 1 28 8 2 25 30 0 5 24 4 17 10 4 4 13 27 22 0 21 4 2 28 6 2 1 9 3 23 16 2 17 3 7 24 17 10 10 14 28 20 10 15 29 23 27
55 48 10 13 16 11 6 15 17 22 9 7 24 13 11 14 12 21 24 18 6 1 4 16 4 4 14 18 17 22 15 30 17 2 23 1 27 22 30 21 20 9 24 22 27 12 2 1 23 3 18 23 30 9 29 26 24 26
100 76 8 13 7 10 1 1 7 21 18 13 16 15 11 8 12 10 20 16 1 2 0 4 26 30 4 25 27 5 19 21 11 1 26 21 29 21 10 3 16 5 15 14 1 9 7 20 28 4 11 24 7 22 3 6 5 4 11 25 1 6 24 3 0 29 18 4 14 27 15 30 21 20 13 24 29 15 11 4 10 9 24 8 1 8 9 9 14 1 14 11 30 19 21 4 17 15 13 6 5 5 6
48 17 4 0 8 8 8 24 9 9 28 8 9 9 18 25 20 17 28 8 16 17 9 9 9 5 0 9 9 4 12 8 15 9 8 8 6 4 30 1 8 9 21 9 6 13 9 25 4 8 8
14 14 5 26 13 22 9 6 3 25 5 10 7 4 9 9 20
62 62 7 14 16 12 6 15 11 8 12 24 5 10 19 17 13 17 4 13 13 18 10 25 2 5 2 22 21 5 14 22 16 12 9 28 21 22 15 7 19 12 23 4 9 22 22 21 10 27 5 13 19 22 11 6 5 13 22 25 20 17 12 12 20
60 19 9 23 24 24 23 5 23 7 23 23 24 28 24 24 21 1 23 18 24 23 23 12 24 9 24 23 18 14 3 0 4 24 24 24 25 30 24 23 24 21 23 30 23 23 23 22 23 0 30 24 23 24 24 19 27 6 22 20 5 24 24
78 0 8 22 20 5 6 28 26 22 19 27 30 5 26 5 0 12 18 6 7 28 16 8 8 8 2 8 9 18 7 11 8 27 27 14 3 29 13 3 23 30 15 2 5 23 26 16 25 18 4 6 16 10 20 26 28 20 14 7 4 1 30 13 22 20 15 1 16 22 9 16 4 1 23 2 26 19 27 3 3
69 14 5 6 12 10 12 12 11 23 12 11 11 19 11 12 12 6 12 11 12 16 26 16 12 19 11 0 8 23 7 12 18 12 12 30 18 11 7 11 11 11 11 0 12 12 12 11 12 12 7 15 12 12 21 17 12 12 11 12 10 11 12 12 12 20 27 28 12 7 1 8
94 25 5 19 28 24 18 3 22 29 17 10 4 30 20 30 24 30 5 26 21 4 17 9 5 3 9 10 16 8 9 0 12 7 22 28 15 9 7 23 0 19 23 7 15 13 23 3 28 26 26 5 8 28 4 20 12 1 15 29 7 4 26 23 5 22 29 24 12 26 0 27 4 23 4 1 27 30 28 0 9 6 18 6 13 4 18 28 28 1 8 5 30 1 5 20 28
78 0 10 18 30 6 24 29 29 15 22 19 23 30 30 17 30 2 18 7 2 4 2 1 26 10 19 20 26 29 2 22 19 21 0 3 12 1 20 5 24 15 27 15 7 1 15 0 22 5 7 11 13 23 24 19 29 29 23 24 0 23 18 9 24 10 1 6 26 11 27 28 20 27 14 11 10 19 9 25 29
24 6 2 1 25 18 12 10 12 14 18 15 13 24 21 28 4 25 0 4 24 17 24 11 21 5 11
6 5 1 19 5 2 26 0 7
23 16 6 15 15 14 15 25 14 15 10 15 24 14 14 15 15 15 14 15 14 15 14 22 15 10
76 27 9 23 8 23 24 23 20 24 19 23 29 27 24 11 24 24 25 30 24 24 23 25 23 24 24 16 3 27 24 12 26 24 23 23 16 23 17 8 23 27 30 24 23 26 27 13 24 10 10 8 8 24 24 23 23 23 23 24 23 17 24 21 24 24 23 24 23 14 24 24 9 23 8 24 23 24 23
20 5 7 6 13 21 15 18 10 10 18 14 3 3 12 1 22 9 17 18 0 5 22
35 35 3 21 17 6 9 6 23 8 2 26 19 8 16 15 12 10 7 11 4 7 5 26 13 7 15 7 15 7 11 21 14 20 20 3 9 6
58 32 10 27 26 26 8 26 26 9 27 27 27 3 27 9 27 27 27 13 5 24 20 26 26 26 27 26 26 26 26 26 27 0 27 26 27 27 27 26 26 27 27 3 18 26 27 25 7 26 27 7 26 26 27 20 27 26 17 26 27
85 13 1 19 27 23 15 27 27 22 8 3 26 13 1 11 1 21 5 20 26 21 1 26 5 21 28 25 6 11 23 1 24 24 19 22 26 1 28 12 0 24 7 30 29 4 15 10 5 25 0 23 3 9 22 15 18 14 7 13 18 23 26 12 7 0 2 27 6 27 7 6 0 5 13 2 26 1 4 21 25 18 25 29 19 3 19 8
79 0 1 2 3 4 17 9 10 2 2 10 20 11 0 5 18 6 20 7 16 28 25 25 19 8 1 12 23 28 11 6 13 15 3 0 28 13 7 16 5 8 12 5 6 8 21 19 18 25 25 25 16 25 11 23 21 26 7 27 25 27 1 22 19 23 10 10 5 18 28 17 3 16 21 28 28 28 18 30 15 18
82 82 8 19 26 17 28 11 21 15 9 20 20 20 16 25 21 28 25 16 25 5 11 14 11 8 10 25 25 21 3 6 9 9 10 18 16 10 23 6 28 27 13 23 20 11 18 23 19 12 6 27 27 13 16 28 20 27 28 15 5 14 26 5 28 20 5 24 27 10 10 26 8 13 28 8 12 21 11 26 24 4 17 23 14
62 24 4 26 19 18 9 14 15 23 6 4 24 20 26 27 7 25 27 25 29 24 18 18 14 5 27 12 21 27 28 3 10 11 2 19 30 4 25 21 3 2 29 3 17 21 7 15 3 29 27 17 10 5 25 1 11 17 19 18 9 7 21 15 8
30 2 6 8 27 14 15 15 15 15 7 15 26 24 20 27 14 15 14 28 30 14 14 9 14 15 30 10 14 15 14 14 23
91 56 1 13 29 26 30 6 24 1 6 0 1 11 22 9 5 25 14 11 23 18 5 12 8 27 1 1 13 30 4 16 11 26 7 11 14 10 25 25 14 15 5 13 24 23 19 0 8 14 17 8 1 27 14 30 2 8 13 10 20 4 14 12 12 14 28 15 26 23 22 1 10 30 7 28 8 24 3 9 9 6 18 4 15 20 20 2 18 28 6 23 7 14
25 25 10 8 23 13 21 21 12 7 14 26 10 26 22 11 21 7 12 7 22 3 5 10 16 9 4 28
44 7 6 18 1 2 22 1 19 6 23 5 1 12 8 10 19 17 7 11 28 6 13 14 9 12 18 20 23 24 0 16 10 9 1 15 23 28 27 1 12 12 20 19 29 3 11
66 11 7 17 18 17 18 23 17 0 18 18 18 18 20 20 18 21 24 12 17 4 16 17 15 18 18 27 15 29 11 18 17 17 16 17 18 18 17 17 25 17 17 18 17 6 2 21 18 17 17 4 18 24 1 21 17 18 9 19 17 17 17 18 18 18 13 18 24
19 19 8 16 16 2 16 24 13 21 28 28 16 12 16 23 13 26 22 11 18 5
52 13 9 1 23 13 23 23 30 8 23 12 14 22 3 7 16 23 17 24 23 23 28 23 30 10 24 7 2 24 16 10 23 2 23 29 1 23 5 6 23 28 17 24 23 2 28 24 23 24 23 23 6 19 23
11 0 9 24 24 23 20 9 12 14 24 23 24 23
18 18 10 2 22 25 10 11 27 23 17 17 20 25 21 25 18 18 14 25 15
22 22 4 19 17 19 9 25 20 4 15 2 25 19 14 12 12 14 27 13 13 2 16 7 9
39 14 7 18 17 23 17 0 17 10 6 9 17 17 18 17 5 13 19 18 17 17 14 18 29 12 30 17 18 16 17 17 9 18 15 17 8 5 28 17 16 17
26 2 1 19 24 13 27 0 25 1 9 25 12 11 18 17 5 22 16 21 16 0 1 20 7 20 21 9 19
74 13 0 6 29 4 15 11 10 19 17 0 3 30 14 1 22 5 26 29 18 23 1 0 13 0 18 18 11 3 21 11 9 18 12 27 9 2 29 21 11 26 0 6 12 28 12 21 24 26 13 29 9 16 14 26 21 19 0 25 3 30 0 24 6 24 29 14 10 10 7 6 24 2 17 11 23
84 84 5 15 24 10 16 5 2 21 8 6 10 14 17 12 24 3 2 10 9 15 21 17 11 15 22 22 20 16 17 15 15 6 19 12 3 24 4 3 17 28 18 16 4 9 15 7 17 17 6 24 5 10 28 16 3 26 8 24 18 14 5 13 19 16 26 16 23 15 23 28 14 2 20 17 18 3 21 10 24 9 19 24 28 24 11
79 22 5 11 7 3 12 12 12 15 5 12 11 8 11 7 11 6 12 11 12 12 3 12 7 14 25 23 22 26 12 8 27 12 11 9 24 11 15 14 19 11 12 11 11 21 24 22 11 11 11 12 12 11 12 20 26 22 8 12 3 12 28 11 11 20 12 11 11 11 11 11 20 26 14 3 12 17 6 15 12 12
93 0 9 23 23 3 23 24 22 24 2 24 16 23 24 19 1 24 23 2 24 24 24 23 23 0 24 23 3 2 23 29 13 10 17 24 24 23 12 24 9 24 24 23 26 8 24 8 23 8 26 22 27 30 18 6 11 18 1 23 13 27 12 2 29 24 24 24 23 22 24 24 24 24 16 23 10 17 24 21 27 11 24 24 24 8 24 23 18 23 24 23 23 24 24 29
89 18 3 6 5 20 6 2 1 21 3 4 6 6 2 5 10 25 2 5 6 26 6 6 29 6 6 5 14 18 5 29 5 5 5 6 5 5 16 2 6 5 5 6 27 6 6 7 6 13 5 28 1 5 3 1 4 6 28 6 6 5 7 3 5 6 5 3 6 8 1 1 27 6 6 6 25 29 6 5 5 23 6 6 14 1 21 6 23 6 5 6
57 24 7 2 8 17 17 17 17 13 24 17 16 17 5 13 26 30 8 2 18 18 18 6 18 6 26 18 25 18 17 17 25 18 17 17 18 9 25 23 18 18 1 18 17 19 18 28 18 7 18 30 18 17 13 13 18 18 20 18
42 0 2 6 1 8 22 4 27 19 26 16 0 5 6 22 5 8 23 25 21 7 7 15 12 4 13 25 11 7 29 20 30 13 6 1 18 21 27 0 5 22 21 9 26
13 0 8 21 21 10 20 20 8 13 14 21 21 20 20 20
34 8 9 19 4 24 23 24 0 24 2 23 6 24 24 24 11 24 24 19 2 23 10 5 20 16 24 28 23 23 8 23 24 23 24 18 23
1 1 5 8
47 47 10 7 18 14 19 22 23 2 12 18 18 18 4 15 10 23 28 7 9 2 8 12 16 28 20 4 24 15 12 15 7 26 11 12 9 7 13 21 5 3 25 7 26 8 5 10 19 22
33 15 5 11 1 12 12 12 12 11 11 13 12 20 12 23 11 25 12 9 12 11 25 11 12 12 11 25 12 12 11 8 28 15 19 26
78 11 7 17 15 28 25 1 18 18 24 23 18 18 28 4 17 22 3 20 17 2 18 18 19 3 15 17 3 30 18 23 4 17 27 9 1 26 17 8 24 18 22 17 26 18 13 18 4 18 18 17 12 30 17 8 17 29 18 15 18 4 17 18 17 18 17 27 17 0 18 18 8 18 18 26 18 9 18 18 17
36 32 0 11 19 10 5 28 16 17 21 10 11 17 17 24 18 9 2 30 18 16 25 25 14 24 2 10 2 0 15 12 19 12 4 22 0 1 21
60 60 6 24 24 3 26 26 19 15 27 21 25 16 15 15 26 12 21 9 4 13 11 8 13 2 28 6 7 12 27 17 4 17 27 9 6 23 23 25 14 19 14 6 13 26 18 18 17 11 5 4 18 9 22 19 27 12 2 5 21 8 6
88 26 2 10 3 11 4 3 3 2 3 29 28 14 21 11 2 2 2 22 3 9 2 20 2 18 19 2 2 7 2 3 2 7 12 3 2 2 8 2 2 2 22 3 3 3 3 4 2 2 18 18 2 2 3 0 17 9 2 12 3 3 21 3 2 2 26 9 1 2 2 9 18 22 2 21 5 3 0 29 25 4 18 2 3 3 3 1 8 3 3
40 0 7 0 13 2 30 22 3 5 24 15 9 14 12 3 11 9 22 22 24 27 10 13 27 13 12 23 0 5 21 8 9 13 16 4 23 25 10 21 20 4 5
82 37 2 0 25 27 3 16 10 2 22 25 18 13 5 6 22 2 12 11 21 7 0 8 23 28 0 7 15 11 30 18 7 9 7 8 12 7 30 13 12 8 21 1 15 11 8 6 26 23 8 29 15 14 1 7 16 4 5 4 6 14 10 28 9 7 17 19 21 15 24 19 7 3 15 19 17 3 1 13 20 27 4 19 11
86 86 7 7 2 15 25 15 20 13 12 19 21 3 3 7 26 8 13 19 12 7 3 19 19 17 24 5 22 10 13 22 23 12 5 26 23 22 15 24 16 17 9 2 10 10 25 9 13 2 17 20 14 25 26 5 9 25 4 13 23 17 27 13 10 13 19 22 7 17 17 10 22 25 17 13 21 19 10 19 7 15 2 20 2 6 5 27 9
14 14 9 20 18 8 15 17 7 6 24 22 27 25 10 15 18
50 0 1 0 0 0 0 0 0 0 0 0 0 0 0 0 0 0 0 0 0 0 0 0 0 0 0 0 0 0 0 0 0 0 0 0 0 0 0 0 0 0 0 0 0 0 0 0 0 0 0 0 0
21 10 10 26 26 27 26 20 27 20 16 23 26 22 3 27 27 29 27 24 27 27 27 27
62 22 3 9 29 1 5 16 5 12 25 5 5 6 5 21 19 6 28 6 5 6 24 5 5 30 26 22 5 5 8 6 22 6 6 5 1 6 15 14 5 30 24 12 23 1 8 5 5 17 6 16 14 9 6 5 1 6 21 8 5 5 16 26 5
11 9 2 10 12 18 0 26 10 19 15 25 4 19
50 10 6 4 13 15 21 14 21 14 20 14 14 21 15 15 14 14 15 10 4 15 15 14 8 15 14 14 15 14 15 15 15 15 15 7 14 15 14 29 19 15 2 15 14 15 4 14 11 6 15 19 10
