100
3 1 5 15 13 11
3 0 8 23 22 21
1 0 9 23
2 1 2 11 30
3 0 5 29 29 6
2 1 6 15 14
3 1 3 27 22 1
2 2 9 4 12
1 0 0 30
1 0 5 11
1 0 4 30
1 0 4 7
3 1 5 12 11 11
3 0 9 24 4 0
1 0 0 0
1 0 10 24
1 0 2 10
1 1 10 11
2 0 1 7 3
1 0 1 14
3 0 9 1 25 5
3 3 5 9 27 22
1 1 6 26
3 3 5 4 19 3
2 2 0 11 19
3 0 10 30 13 26
2 2 6 8 7
3 0 7 26 6 12
3 2 7 10 30 27
2 1 7 17 17
2 0 1 0 0
2 2 1 13 7
1 0 6 30
2 1 1 4 0
3 3 9 24 28 11
3 0 5 8 24 11
1 0 0 27
1 0 4 9
1 0 2 2
2 2 9 18 28
2 2 3 2 4
3 3 10 2 22 11
2 0 5 11 1
2 0 4 8 3
3 1 6 15 15 2
1 0 2 2
2 0 10 26 9
2 2 1 26 18
2 2 8 25 10
2 0 5 8 11
3 0 10 27 8 3
2 0 7 24 24
3 0 7 13 27 30
2 0 8 20 20
1 1 10 5
1 1 0 21
1 1 10 11
1 1 7 10
2 0 0 2 24
1 1 5 10
2 1 0 0 8
1 0 9 23
1 0 5 28
3 0 5 22 21 25
1 0 2 3
3 0 8 6 16 4
1 0 1 20
1 0 1 24
3 0 5 11 17 7
3 1 8 21 21 20
3 1 7 20 18 18
3 1 2 4 12 19
2 2 7 24 12
1 0 6 14
1 0 2 3
1 0 4 9
1 1 0 11
1 0 8 20
1 1 7 22
1 1 4 10
1 0 10 27
3 3 2 17 10 10
3 3 1 5 18 2
1 1 6 28
3 0 1 12 6 0
3 0 6 10 3 10
1 1 8 23
3 2 5 6 28 18
2 2 2 24 9
1 0 10 30
2 0 4 28 0
1 0 5 12
3 1 2 3 2 1
2 0 3 5 1
2 1 6 15 14
2 2 9 20 17
1 0 3 5
1 0 6 14
3 0 7 26 9 29
3 0 1 4 9 7
